20000537
20000537
20000537
20000537
00000013
00000013
00000013
00150593
00150593
00150593
00150593
00000013
00000013
00000013
00500293
00500293
00500293
00500293
00000013
00000013
00000013
00a00313
00a00313
00a00313
00a00313
00000013
00000013
00000013
00552023
00552023
00552023
00552023
00000013
00000013
00000013
0065a023
0065a023
0065a023
0065a023
00000013
00000013
00000013
00100013
00100013
00100013
00100013
00100013
00100013
00100013
00100013
00100013
00100013
00100013
00100013
00100013
00100013
00100013
00100013
00100013
00100013
00100013
00100013
00100013
00100013
00100013
00100013
00100013
00100013
00100013
00100013
00100013
00100013
00100013
00100013
00100013
00100013
00100013
00100013
00100013
00100013
00100013
00100013
00100013
00100013
00100013
00100013
00100013
00100013
00100013
00100013
00100013
00100013
00100013
00100013
00100013
00100013
00100013
00100013
00100013
00100013
00100013
00100013
00100013
00100013
00100013
00100013
00100013
00100013
00100013
00100013
00100013
00100013
00100013
00100013
00100013
00100013
00100013
00100013
00100013
00100013
00100013
00100013
00100013
00100013
00100013
00100013
00100013
00100013
00100013
00100013
00100013
00100013
00100013
00100013
00100013
00100013
00100013
00100013
00100013
00100013
00100013
00100013
00100013
00100013
00100013
00100013
00100013
00100013
00100013
00100013
00100013
00100013
00100013
00100013
00100013
00100013
00100013
00100013
00100013
00100013
00100013
00100013
00100013
00100013
00100013
00100013
00100013
00100013
00100013
00100013
00100013
00100013
00100013
00100013
00100013
00100013
00100013
00100013
00100013
00100013
00100013
00100013
00100013
00100013
00100013
00100013
00100013
00100013
00100013
00100013
00100013
00100013
00100013
00100013
00100013
00100013
00100013
00100013
00100013
00100013
00100013
00100013
00100013
00100013
00100013
00100013
00100013
00100013
00100013
00100013
00100013
00100013
00100013
00100013
00100013
00100013
00100013
00100013
00100013
00100013
00100013
00100013
00100013
00100013
00100013
00100013
00100013
00100013
00100013
00100013
00100013
00100013
00100013
00100013
00100013
00100013
00100013
00100013
00100013
00100013
00100013
00100013
00100013
00100013
00100013
00100013
00100013
00100013
00100013
00100013
00100013
00100013
00100013
00100013
00100013
00100013